1         123456              管理员1   1         
1         123456              管理员2   1         
2         123456              管理员1   1         
2         123456              管理员2   1         
2         123456              管理员1   1         
2         123456              管理员2   1         
2         123456              管理员1   1         
2         123456              管理员2   1         
2         123456              管理员1   1         
2         123456              管理员2   1         
2         123456              管理员1   1         
2         123456              管理员2   1         
2         123456              管理员1   1         
2         123456              管理员2   1         
2         123456              管理员1   1         
2         123456              管理员2   1         
