10002    张0        18    1234567890      1   0   / 10009
10003    张1        18    1234567890      2   0   / 10010 10015
10004    张2        18    1234567890      1   0   / 10011
10005    张3        18    1234567890      1   0   / 10012
10006    张4        18    1234567890      1   0   / 10005
10007    张5        18    1234567890      1   0   / 10006
10008    张6        18    1234567890      1   0   / 10007
10009    张7        18    1234567890      1   0   / 10008
10010    张8        18    1234567890      0   0   /
10011    张9        18    1234567890      0   0   /
10012    张10       18    1234567890      0   0   /
10013    张11       18    1234567890      0   0   /
10014    张12       18    1234567890      0   0   /
10015    张13       18    1234567890      0   0   /
10016    张14       18    1234567890      0   0   /
10017    张15       18    1234567890      0   0   /
10018    张16       18    1234567890      0   0   /
10019    张17       18    1234567890      0   0   /
10020    张18       18    1234567890      0   0   /
10021    张19       18    1234567890      0   0   /
12345    王展鹏     20    1234567890      0   0   /
