10002     212324              张0       0         
10003     123456              张1       0         
10004     123456              张2       0         
10005     123456              张3       0         
10006     123456              张4       0         
10007     123456              张5       0         
10008     123456              张6       0         
10009     123456              张7       0         
10010     154fsdgg            志刚      0         
10011     123456              张9       0         
10012     123456              张10      0         
10013     123456              张11      0         
10014     123456              张12      0         
10015     123456              张13      0         
10016     123456              张14      0         
10017     123456              张15      0         
10018     123456              张16      0         
10019     123456              张17      0         
10020     123456              张18      0         
10021     123456              张19      0         
12345     123456              王展鹏    0         
1231241   fafsdad             阿发      0         
132421    eafsfsaf            娜娜      0         
214254    123456              萨阿丹    0         
324142    123456              范德      0         
